36
26
0
10
15
13
36
9
5
1
16
32
31
34
23
5
19
15
11
00
00
2
13
6
11
7
00
27
28
00
11
23
6
27
29
17
0
3
3
24
36
4
16
35
9
36
24
7
24
25
11
6
27
6
21
11
30
32
30
24
7
5
22
19
8
1
3
15
1
26
13
0
7
17
00
11
30
2
4
16
12
8
17
36
28
14
11
1
25
22
33
35
16
29
24
14
17
00
29
33
19
19
25
13
33
7
1
19
00
26
24
23
00
17
0
12
11
13
10
24
16
17
12
00
2
34
32
14
1
31
3
11
18
10
2
10
35
11
29
0
27
00
30
14
00
17
31
22
33
18
12
29
33
12
36
16
35
23
7
7
20
16
33
25
3
5
8
36
22
34
29
26
30
21
20
12
7
14
24
35
2
10
22
31
24
12
5
9
19
26
25
2
25
2
22
15
33
7
29
32
7
27
21
3
0
32
11
0
19
32
6
26
17
9
34
22
32
10
25
28
5
19
33
28
24
30
0
31
3
33
36
22
12
20
21
6
32
6
10
30
00
17
19
36
9

22
36
1
13
17
2
00
30
20
9
28
0
32
12
29
16
25
15
19
1
33
15
29
31
11
32
33
3
6
19
3
25
19

19

25
8
3
25
22
23
18
22
33
4
17
12
26
10
26
17
0
17
3
9
8
33
23
22
20
15
31
10
16
19
11
16
7
11
14
15
29
32
16
13
8
36
33
22
21
7
22
13
6
9
31
27
16
18
14
24
11
11
21
31
15
35
00
19
0
22
18
13
8
4
35
10
36
26
36
11
26
2
35
35
6
1
32
24
32
32
26
1
31
6
18
4
19
1
25
21
13
31
23
20
7
36
0
10
34
15
32
15
7
6
10
27
3
33
26
9
14
34
22
00
19
13
3
35
3
25
32
9
00
00
18
33
21
32
33
19
23
26
27
13
28
34
34
12
35
26
26
2
10
29
1
0
25
3
33
9
21
0
14
23
4
3
28
28
2
16
23
29
10
22
24
0
30
25
34
7
27
35
4
5
24
00
6
20
2
4
28
16
1
25
29
14
4
14
30
34
23
19
2
16
20
23
1
6
10
12
24
1
8
6
1
35
10
11
19
7
17
33
33
26
9
6
32

30
2
32
5
20
18
9
14
8
9
15
1
3
3
4
30
23
3
19
31
10
25
14
14
30
17
11
00
33
26
35
15
30
7
19
4
10
1
23
34
5
34
9
26
34
26
35
26
22
1
12
21
29
30
28
16
23
27
9
29
0
23
31
19
2
32
23
26
8
10
25
24
24
12
10
32
0
26
3
25
28
27
25
19
26
27
00
19
23
0
34
33
9
7
7
25
1
15
33
20
6
18
14
29
11
28
6
5
3
7
9
33
6
34
7
35
3
16
21
24
22
4
30
2
10
33
35
5
21
00
29
7
21
7
20
16
0
23
7
14
14
21
33
16
27
19
26
18
0
20
17
11
26
31
24
22
33
14
14
26
20
8
3
25
31
27
7
25
21
21
1
20
32
34
24
0
35
12
11
23
12
36
9
0
35
6
11
34
11
24
3
31
13
31
4
2
31
19
29
25
6
5
29
18
18
8
19
25
0
19
33
22
1
33

15
20
27
31
7
22
24
27
21
00
1
5
12
20
25
3
22
25
14
16
10
22
33
10
25
32
9
16
21
32
21
10
13
3
20
17
8
20
00
15
19
30
13
29
12
15
33
8
30
10
33
2
3
13
22
27
23
16
8
2
23
23
7
30
11
9
36
13

25
23
00
34
25
16
12
9
30
15
17
26
30
17
26
31
35
24
33
13
23
19
24
6
20
23
33
33
11
27
8
4
8
33
35
34
12
28
31
11
31
11
5
4
14
28
20
29
3
32
12
00
36
29
34
33
15
00
18
8
12
15

15
35
30
12
00
20
00
6
00
21
0
4
35
13
14
13
19
15
29
12
1
18
34
9
12
4
0
9
20
5
00
10
23
27
27
31
36
12
5
26
8
16
22
22
10
36
00
1
17
27
3
7
27
0
20
25
13
19
32
23
3
36
12
28
4
2
17
23
35
6
21
21
34
00
35
15
15
25
15
33
24
5

1
32
10
3
17
19
12
5
20
12
7
14
20
29
29
5
19
10
16
16
14
26
4
9
16
32
15
28
32
3
1
18
13
34
16
8
19
30
17
2
20
0
21
23
36
00
6
2
6
15
2
12
5
1
2
31
12
9
28
23
10
16
5
9
29
26
19
18
33
36
0
18
1
23
19
26
16
11
32
26
24
15
19
00
22
0
28
14
30
19
12
31
1
26
35
13
21
13
13
36
26
34
6
25
33
8
5
6
8
20
22
10
1
5
24
12
21
21
14
31
15
29
1
2
26
35
8
34
22
19
22
14
8
32
7
12
31
28
13
2
3
00
0
27
31
28
4
21
22
32
19
7
16
0
27
1
12
16
9
29
25
25
31
00
00
12
16
6
0
18
13
33
6
23
21
1
15
3
5
23
33
4
7
10
14
20
16
13
22
34
21
20
1
15
7
34
30
3
00
11
13
11
16
17
34
30
0
12
1
8
29
13
20
8
0
8
29
36
27
35
22
20

2
3
19
12
16
30
35
10
3
34
35
6
10
1
23
35
27
14
6
33
3
13
31
9
19
16
24
30
27
28
30
27
28
24
16
30
7
1
25
4
25
28
6
23
30
17
12
33
36
21
1
0
5
7
35
11
6
7
30
18
25
17
11
14
26
35
13
0
31
21
26
00
14
3
20
28
0
00
11
17
29
0
11
26
2
9
28
0
26

34
21
18
33
10
0
2
0
10
1
29
3
22
33
34
9
12
16
19
25
17
10
9
1
34
14
7
22
22
26
19
25
20
24
29
10
19
28
7
16
20
2
4
9
34
17
1
3
25
10
26
33
24
27
10
31
32
3
3
1
5
14
28
28
2
5
15
31
21
20
15
20
29
28
8
12
9
2
12
31
18
29
10
0
2
5
14
20
24
16
1
4
12
24
12
29
8
11
00
13
4
27
19
27
28
12
4
25
30
6
18
7
15
24
14
9
25
29

8
19
21
1
5
25
35
5
15
18
26
25
26
8
25
35
21
26
8
36
23
17
21
4
9
14
7
00
13

9
24
10
11
12
4
31
2
7
14
00
4
33
35
18
5
27
19
6
26
7
36
30
15
17
25
27
6
22

9
7
13
8
26
30
12
20
20
32
29
9
32
1
22
28
32
17
9
18
8
4
26

33
25
26
35
18
24
23
3
32
9
25
24
32
11
00
31
20
4
16
15
28
1
00
25
24
22
23
00
15
5
25
29
12
26
16
25
13
13
21
11
24
12
8
23
33
34
26
31
28
18
26
27
10
6
4
36
5
18
14
32
4
35
19
29
36
4
27
28
15
0
26
9
28
7
16
33
35
30
27
5
23
22
33
35
25
15
6
13
35
28
35
1
35
22
0
36
14
35
26
1
33
25
25
28
12
35
1
10
23
5
33
11
24
17
24
29
27
00
5
22
9
24
32
15
1
2
28
5
18
27
11
25
28
32
6
14
32
28
2
19
1
10
00
0
31
16
00
15
34
12
27